_viz_0 = nengo_gui.components.HTMLView(env)
_viz_config[_viz_0].x = 0.7797880690516014
_viz_config[_viz_0].y = 0.2927154453466803
_viz_config[_viz_0].width = 0.10775862068965517
_viz_config[_viz_0].height = 0.1349527665317139
_viz_config[_viz_0].label_visible = True
_viz_ace_editor = nengo_gui.components.AceEditor()
_viz_net_graph = nengo_gui.components.NetGraph()
_viz_sim_control = nengo_gui.components.SimControl()
_viz_config[_viz_sim_control].shown_time = 0.5
_viz_config[_viz_sim_control].kept_time = 4.0
_viz_config[body_speed].pos=(0.903685760457189, 0.950324836422442)
_viz_config[body_speed].size=(0.07843137254901955, 0.028985507246376795)
_viz_config[body_turn].pos=(0.950889827269099, 0.732933532074616)
_viz_config[body_turn].size=(0.04938271604938269, 0.028985507246376798)
_viz_config[env].pos=(0.531136740849346, 0.08800599584273222)
_viz_config[env].size=(0.3076923076923076, 0.028985507246376798)
_viz_config[fixed_speed].pos=(0.15858772124150303, 0.950324836422442)
_viz_config[fixed_speed].size=(0.07843137254901955, 0.028985507246376795)
_viz_config[model].pos=(-0.03113674084934623, -0.022788604538384428)
_viz_config[model].size=(1.0000000000000004, 1.0000000000000004)
_viz_config[model].expanded=True
_viz_config[model].has_layout=True
_viz_config[sensors].pos=(0.1113836544295931, 0.5155422277267899)
_viz_config[sensors].size=(0.04938271604938269, 0.028985507246376798)
_viz_config[speed].pos=(0.5311367408493459, 0.950324836422442)
_viz_config[speed].size=(0.09803921568627447, 0.036231884057970995)
_viz_config[turn].pos=(0.716321926034531, 0.732933532074616)
_viz_config[turn].size=(0.061728395061728364, 0.036231884057971)
_viz_config[what].pos=(0.40767995072588925, 0.29815092337896404)
_viz_config[what].size=(0.12345679012345673, 0.144927536231884)
_viz_config[what].expanded=True
_viz_config[what].has_layout=True
_viz_config[what.ea_ensembles[0]].pos=(0.49999999999999994, 0.2)
_viz_config[what.ea_ensembles[0]].size=(0.09803921568627451, 0.1)
_viz_config[what.ea_ensembles[1]].pos=(0.49999999999999994, 0.7999999999999999)
_viz_config[what.ea_ensembles[1]].size=(0.09803921568627451, 0.1)
_viz_config[what.input].pos=(0.12745098039215685, 0.5)
_viz_config[what.input].size=(0.07843137254901959, 0.08)
_viz_config[what.output].pos=(0.872549019607843, 0.5)
_viz_config[what.output].size=(0.07843137254901959, 0.08)
_viz_config[where].pos=(0.40767995072588925, 0.732933532074616)
_viz_config[where].size=(0.12345679012345673, 0.144927536231884)
_viz_config[where].expanded=True
_viz_config[where].has_layout=True
_viz_config[where.ea_ensembles[0]].pos=(0.49999999999999994, 0.2)
_viz_config[where.ea_ensembles[0]].size=(0.09803921568627451, 0.1)
_viz_config[where.ea_ensembles[1]].pos=(0.49999999999999994, 0.7999999999999999)
_viz_config[where.ea_ensembles[1]].size=(0.09803921568627451, 0.1)
_viz_config[where.input].pos=(0.12745098039215685, 0.5)
_viz_config[where.input].size=(0.07843137254901959, 0.08)
_viz_config[where.output].pos=(0.872549019607843, 0.5)
_viz_config[where.output].size=(0.07843137254901959, 0.08)